/* Donnees du graphe de la station de ski
Copyright: Valentin Mercier | Antoine Loret */

/* TEMPS DE PARCOURS DES PISTES ET REMONTEES */
PISTE_VERTE = 300
PISTE_BLEUE = 240
PISTE_ROUGE = 180
PISTE_NOIRE = 120
PISTE_KL = 10
PISTE_SURF = 600
TPH_ATTENTE = 240
TPH_PARCOURS = 120
TC_ATTENTE = 120
TC_PARCOURS = 180
TSD_ATTENTE = 60
TSD_PARCOURS = 180
TS_ATTENTE = 60
TS_PARCOURS = 240
TK_ATTENTE = 60
TK_PARCOURS = 240
BUS_ARCS_1600_2000 = 2400
BUS_ARCS_1800_2000 = 1800

/* POINTS */
108
1	aiguille-rouge	3226	940	810
2	2	2600	665	1218
3	3	2490	730	1343
4	4	2350	765	1473
5	5	2100	734	1701
6	6	1950	640	1750
7	7	1800	538	1874
8	8	1750	343	1833
9	9	1350	142	1896
10	10	1650	368	1929
11	villaroger	1200	276	2034
12	12	1630	376	1957
13	13	1600	433	1981
14	14	1350	391	2000
15	15	1550	488	1982
16	16	1450	483 2008
17	17	1900	803 1820
18	pre-saint-esprit	1850	956	1768
19	arc-2000	2000	1008	1477
20	20	2600	1114	1069
21	21	2700	1012	1028
22	22	2832	1332	917
23	23	2500	1522	1091
24	col-de-la-chal	2600	1787	1148
25	25	2280	2326	1331
26	26	2450	1394	1190
27	27	2450	1496	1204
28	28 	2580	1688	1127
29	29	2430	1469	1247
30	30	2400	1429	1291
31	31	2200	1221	1402
32	arc-1950	1950	1215 1535
33	33	2000	1144 1473
34	34	2100	1090	1378
35	35	2150	1149	1374
36	col-du-grand-renard	2425 1848 1303
37	col-des-frettes	2384	1602	1430
38	arpette	2313	1506 1466
39	39	2280	1457	1449
40	40	2250	1721	1519
41	41	2280	1611	1508
42	42	2200	1581	1547
43	43	2100	1570	1625
44	44	2020	1648	1742
45	45	2100	1706	1657
46	46	2000	1798	1726
47	47	2200	1700	1575
48	48	2200	1890	1532
49	49	2180	1885	1579
50	50	1970	1878	1756
51	arc-1800	1800	2077	1922
52	52	1800	2176	1840
53	53	1850	2103	1825
54	54	1900	2178	1742
55	55	1930	2237	1708
56	56	1950	2185	1685
57	57	1950	2369	1657
58	58	2000	2243	1534
59	59	1980	2177	1624
60	60	1750	2348	1789
61	61	1990	1802	1838
62	62	2010	1647	1787
63	63	2300	1332	1669
64	64	2100	1447	1784
65	65	2050	1516	1787
66	66	2000	1249	1760
67	67	1980	1292	1789
68	68	1850	1213	1879
69	69	1850	1564	1864
70	70	1700	1310	1986
71	arc-1600	1600	1429	2096
72	72	1500	1393	2357
73	plan-peisey	1600	2781	1827
74	74	1700	2762	1684
75	vallandry	1600	2662	1898
76	76	1750	2871	1592
77	77	2000	2550	1464
78	78	2200	1463	1705
79	79	2350	1835	1400
80	80	2100	1768	1647
81	81	2331	2020	1373
82	82	2300	2127	1381
83	83	2250	2227	1411
84	84	1950	1966	1794
85	85	2200	1992	1471
86	86	2150	1988	1563
87	87	2100	1954	1586
88	88	2250	2121	1441
89	89	2100	2188	1512
90	90	2000	2079	1625
91	91	2020	2035	1635
92	92	1700	1569	2013
93	93	2250	2319	1410
94	94	2200	2397	1382
95	95	2200	2347	1448
96	96	2100	2309	1514
97	97	2000	2340	1600
98	98	2000	2466	1578
99	99	2050	2502	1534
100	100	1900	2457	1666
101	101	1830	2447	1739
102	102	1800	2410	1771
103	103	1650	2430	1857
104	104	1700	2337	1862
105	105	1630	2617	1808
106	106	1850	2596	1683
107	107	1650	2690	1780
108	108	2050	1669	1687

/* PISTES ET REMONTEES */
254
1	aiguille-rouge	TPH	20	1	0	927	803
2	aiguille-rouge1	N	1	2	14	600	795
3	aiguille-rouge2	N	2	3	14	655	1212
4	aiguille-rouge3	R	3	4	13	721	1338
5	aiguille-rouge4	R	4	5	13	704	1458
6	aiguille-rouge5	R	5	6	12	625	1684
7	aiguille-rouge6	R	6	7	12	483	1727
8	aiguille-rouge7	R	7	15	12	473	1870
9	aiguille-rouge8	R	15	14	12	383	1958
10	arandeliere1	R	1	21	14	740	801
11	sonnet1	N	7	15	12	469	1857
12	sonnet2	N	15	16	12	472	1966
13	lys1	B	6	7	12	466	1741
14	lys2	B	7	8	13	330	1822
15	lys3	B	8	10	13	188	1767
16	lys4	B	10	12	12	357	1920
17	lys5	B	12	13	10	403	1944
18	lys6	B	13	15	10	434	1959
19	lys7	B	15	16	12	478	1983
20	lys8	B	16	14	12	383	1991
21	lys9	B	14	11	10	241	1973
22	replat	TS	11	12	0	245	1937
23	planay	R	8	9	12	119	1827
24	selieres	R	10	9	13	115	1883
25	pre	B	9	11	11	113	1892
26	plan-violettes	TS	13	5	0	383	1692
27	villaroger	B	7	17	13	522	1807
28	rhonaz1	B	6	17	14	626	1735
29	rhonaz2	B	17	18	14	795	1764
30	droset	TS	5	4	0	723	1453
31	robert-blanc	N	21	19	18	895	1020
32	arandeliere2	R	21	20	14	1003	1000
33	droset	N	4	18	17	743	1473
34	reservoir	B	4	19	12	765	1438
35	combes	N	3	19	13	717	1330
36	genepi	N	2	19	16	651	1207
37	lanchettes	TS	19	3	0	715	1326
38	navette16-18	BUS	71	51	0	1408	1910
39	navette18-16	BUS	51	71	0	1408	1910
40	navette16-20	BUS	71	19	0	866	1515
41	navette20-16	BUS	19	71	0	866	1515
42	grand-col	TS	23	22	0	1314	902
43	grand-col	R	22	23	13	1323	905
44	refuge	N	22	23	13	1304	908
45	vallee-de-larc1	B	20	23	12	1086	1010
46	vallee-de-larc2	B	23	26	12	1358	1075
47	vallee-de-larc3	B	26	31	11	1164	1188
48	arandeliere3	R	20	26	13	1101	1048
49	arandeliere4	B	26	30	12	1385	1180
50	col-de-la-chal1	B	24	28	13	1682	1115
51	col-de-la-chal2	B	28	23	13	1501	1080
52	teppes	R	24	27	14	1465	1117
53	plagnettes	R	24	29	13	1443	1125
54	tuffes	R	24	29	14	1442	1133
55	plan-des-eaux1	B	28	27	13	1446	1114
56	plan-des-eaux2	B	27	29	13	1450	1199
57	plan-des-eaux3	B	29	30	13	1404	1241
58	plan-des-eaux4	B	30	31	12	1213	1273
59	plagnettes	TS	30	24	0	1385	1130
60	arcabulle	TS	31	24	0	1187	1142
61	cretes	N	20	31	19	1101	1056
62	dou-de-lhomme	N	20	35	18	1084	1055
63	lanches	N	20	34	17	1053	1059
64	plan-des-eaux5	B	31	35	11	1132	1360
65	plan-des-eaux6	B	35	34	10	1079	1361
66	plan-des-eaux7	B	34	19	10	993	1370
67	enfant	V	34	33	8	1028	1378
68	cabriolet	TC	32	19	0	1029	1458
69	jacques	TS	33	34	0	1078	1372
70	marmottes	TSD	32	31	0	1172	1399
71	chalet1	B	31	33	7	1121	1400
72	marmotte1	B	33	32	8	1138	1465
73	chalet2	B	31	32	7	1180	1399	
74	varet	TC	33	20	0	1091	1060
75	pre-saint-esprit	TS	18	31	0	914	1405
76	vallee-de-larc4	B	32	18	13	953	1532
77	funiculaire	TSD	72	71	0	1329	2111
78	violettes	R	71	72	14	1345	2079
79	grange	R	71	72	13	1318	2102
80	bois-de-saule	B	71	72	14	1203	2102
81	comborciere	TS	18	66	0	944	1736
82	comborciere1	N	66	18	12	943	1725
83	puquet	N	63	66	12	1184	1663
84	malgovert	R	66	68	17	1110	1740
85	clocheret	TS	62	63	0	1318	1660
86	clapet1	B	63	78	12	1319	1648
87	clapet2	B	78	64	12	1420	1695
88	clocheret1	R	63	78	13	1331	1651
89	clocheret2	R	78	62	12	1459	1698
90	mont-blanc1	B	66	67	10	1231	1751
91	mont-blanc2	B	67	68	11	1163	1786
92	mont-blanc3	B	68	70	13	1122	1874
93	mont-blanc4	B	70	71	11	1272	1977
94	stylex	N	67	68	17	1186	1785
95	gollet1	B	61	92	14	1544	1832
96	gollet2	B	92	71	11	1407	2004
97	vers-arc	B	61	50	13	1783	1762
98	gollet3	B	62	61	14	1587	1774
99	mont-blanc	TSD	71	67	0	1279	1765
100	cachette	TSD	71	64	0	1368	1774
101	arolles	R	64	70	13	1291	1777
102	cachette1	R	64	71	13	1351	1772
103	rouelles1	N	65	69	13	1500	1778
104	rouelles2	N	69	92	14	1546	1860
105	lutin1	B	65	62	10	1519	1762
106	snow-park	TK	44	43	0	1558	1629
107	snow-park1	SURF	43	44	18	1530	1635
108	plan	B	37	31	12	1204	1335
109	bois-de-lours	TSD	32	38	0	1198	1460
110	ours1	N	38	32	19	1195	1459
111	edelwess1	B	37	39	12	1441	1399
112	edelwess2	B	39	32	13	1186	1438
113	plan-vert1	B	24	37	14	1563	1141
114	plan-vert2	R	37	38	14	1504	1432
115	plan-vert3	R	38	39	14	1452	1437
116	dents-du-peigne	B	36	37	14	1576	1292
117	fond-blanc	N	38	43	15	1472	1470
118	grand-renard1	R	24	36	14	1799	1144
119	grand-renard2	R	36	79	14	1828	1297
120	grand-renard3	R	79	48	13	1781	1387
121	grand-renard1	R	48	49	12	1866	1527
122	petit-renard1	R	79	86	12	1825	1390
123	reche1	R	36	81	14	1844	1298
124	reche2	R	81	85	13	1957	1365
125	reche3	R	85	86	12	1976	1460
126	reche4	R	86	90	13	1990	1530
127	reche5	R	90	54	13	2073	1613
128	reche6	B	54	52	12	2152	1737
129	transarc	TC	86	24	0	1797	1142
130	grand-renard	TS	87	36	0	1840	1292
131	combe	TK	76	77	0	2549	1454
132	combe	R	77	76	15	2549	1453
133	ecureuil1	N	25	94	13	2317	1316
134	ecureuil2	N	94	77	13	2389	1371
135	ecureuil3	N	77	74	14	2537	1459
136	retour-combe	R	76	74	14	2750	1578
137	olympique	KL	20	19	18	999	1062
138	arpette1	B	37	41	13	1565	1437
139	arpette2	B	41	40	13	1598	1494
140	arpette3	B	40	43	13	1549	1510
141	arpette4	B	43	108	13	1573	1622
142	arpette5	B	108	46	12	1660	1675
143	arpette6	B	108	44	12	1637	1679
144	arpette7	B	44	62	13	1624	1745
145	arpette8	B	62	69	14	1548	1784
146	arpette9	B	69	70	14	1284	1859
147	clair-blanc1	R	38	42	13	1510	1459
148	clair-blanc2	R	42	43	12	1560	1548
149	col-des-frettes1	R	41	42	12	1560	1500
150	col-des-frettes2	R	42	108	13	1568	1530
151	col-des-frettes3	R	108	46	12	1681	1670
152	arpette	TSD	46	38	0	1503	1465
153	chantel	TK	51	50	0	1875	1756
154	villards	TSD	51	48	0	1870	1523
155	vite	KL	49	53	17	1872	1570
156	ourson	KL	77	107	18	2529	1456
157	belvedere1	B	67	64	12	1276	1774
158	belvedere2	B	64	65	12	1438	1768
159	belvedere3	B	65	44	12	1494	1739
160	belvedere4	B	44	46	13	1640	1711
161	belvedere5	B	46	50	12	1805	1700
162	belvedere6	B	50	84	13	1878	1759
163	belvedere7	B	84	53	12	1978	1793
164	belvedere8	B	53	52	10	2094	1815
165	belvedere9	B	52	104	12	2151	1824
166	belvedere10	B	104	103	14	2327	1853
167	liaison-grizzly	B	103	75	13	2441	1845
168	froide-fontaine1	R	40	47	13	1692	1511
169	froide-fontaine2	R	47	45	13	1691	1577
170	froide-fontaine3	R	45	46	13	1700	1648
171	carreley1	R	47	80	13	1691	1668
172	carreley2	R	80	46	13	1758	1637
173	carreley3	R	46	50	12	1812	1705
174	froide-fontaine4	B	45	108	11	1659	1650
175	retour1	B	50	51	11	1889	1759
176	vagere1	R	40	84	12	1701	1514
177	golf1	R	40	84	13	1719	1508
178	vagere	TSD	51	40	0	1708	1508
179	grand-meleze1	B	40	49	13	1716	1510
180	grand-meleze2	B	49	87	12	1897	1570
181	grand-meleze3	B	87	91	12	1942	1577
182	grand-meleze4	B	91	53	13	2019	1635
183	grand-meleze5	B	53	51	10	2081	1816
184	transarcc	TC	51	86	0	1973	1558
185	retour2	B	52	51	8	2067	1826
186	chamettoger1	B	40	48	12	1713	1510
187	chamettoger2	B	48	86	11	1878	1519
188	chamettoger3	B	86	90	13	1981	1539
189	chamettoger4	B	86	91	13	1987	1551
190	chamettoger5	B	91	90	12	2030	1612
191	chamettoger6	B	90	52	12	2057	1619
192	acces-transarc1	B	82	88	12	2089	1374
193	acces-transarc2	B	88	86	11	1976	1435
194	acces-transarc3	B	86	87	10	1941	1539
195	chamettoger	TS	52	86	0	1986	1538
196	barmont1	B	90	56	13	2070	1616
197	barmont2	B	56	55	14	2174	1681
198	barmont3	B	55	60	14	2228	1697
199	barmont4	B	60	104	13	2326	1780
200	bon-plan1	B	90	59	13	2069	1612
201	bon-plan2	B	59	57	14	2168	1615
202	salpitaz1	B	57	55	14	2219	1641
203	salpitaz2	B	55	54	13	2164	1702
204	rhodos1	B	89	59	13	2155	1505
205	rhodos2	B	59	56	12	2152	1618
206	foret1	B	25	83	12	2209	1324
207	foret2	B	83	95	12	2218	1399
208	foret3	B	95	99	13	2332	1432
209	foret4	B	99	98	12	2462	1540
210	foret5	B	98	57	14	2351	1575
211	foret6	B	57	100	14	2362	1637
212	foret7	B	100	106	13	2445	1653
213	foret8	B	106	101	14	2457	1675
214	foret9	B	101	102	14	2402	1727
215	foret10	B	102	60	14	2332	1762
216	foret11	B	60	103	13	2339	1777
217	foret12	B	103	75	12	2429	1854
218	renard1	B	81	82	12	2013	1362
219	renard2	B	82	83	12	2100	1368
220	renard3	B	83	96	13	2206	1403
221	renard4	B	96	97	14	2282	1510
222	renard5	B	97	57	14	2313	1593
223	bosses1	N	82	58	17	2129	1370
224	bosses2	N	58	57	18	2227	1513
225	derby	TS	57	81	0	2003	1363
226	belefe1	R	88	89	12	2110	1440
227	belefe2	R	89	58	13	2178	1505
228	belefe3	R	58	57	14	2224	1539
229	grive	TS	99	94	0	2396	1386
230	blanchet1	R	25	94	12	2323	1323
231	blanchet2	R	94	99	13	2380	1384
232	grive1	B	94	99	12	2390	1383
233	retour-plan1	B	106	74	12	2572	1673
234	retour-plan2	B	74	107	13	2654	1681
235	retour-plan3	B	74	73	12	2726	1676
236	retour-plan4	B	107	105	12	2600	1770
237	peisey	TSD	73	77	0	2513	1453
238	grizzly	TSD	75	25	0	2314	1323
239	vallandry	TSD	75	95	0	2336	1440
240	myrtilles1	R	25	93	12	2298	1323
241	myrtilles2	R	93	97	13	2298	1400
242	myrtilles3	R	97	57	14	2342	1586
243	myrtilles4	R	57	102	14	2364	1653
244	myrtilles5	R	102	103	14	2397	1764
245	perdrix1	R	93	99	12	2314	1402
246	ours1	R	99	106	13	2494	1526
247	ours2	R	106	107	13	2591	1675
248	ours3	R	107	73	11	2680	1775
249	aigle1	R	95	98	12	2336	1446
250	aigle2	R	98	105	14	2463	1571
251	aigle3	R	105	75	11	2607	1803
252	morey1	R	98	100	13	2445	1567
253	morey2	R	100	101	14	2441	1660
254	morey3	R	101	75	14	2464	1729
